START
OLLAYTANTAMBO

-72.38411536440253,-13.21622533723712,2712.5

PATALLACTA
-72.42315541952848,-13.23512124828994,2742.14

WAYLLABAMBA CAMP
-72.44990500621498,-13.2642900198698,3031.250488

PASO WARMI WAñUSCA
-72.48400501906872,-13.24310501106083,4158.305664

CAMP DAY 2
-72.49830496497452,-13.23372096754611,3579.476318

RUNKUAKAI
-72.50149503350258,-13.22833199054003,3762.565186

RUNKUAKI PASS
-72.50533402897418,-13.22670799680054,3935.098144999999

SAYAQ
-72.51648799516261,-13.22817499749362,3622.996582

DAY3 LUNCH
-72.5188660249114,-13.22304300963879,3552.944824

INKA TUNNEL
-72.52421502023935,-13.21603599004447,3634.579346

PUYU
-72.53170299343765,-13.20639797486365,3619.282714999999

INKA TUNNEL2
-72.53857799805701,-13.20163697004318,3218.387451

CAMP3
-72.53745800815523,-13.18983600474894,2759.32666

SUN GATE
-72.533915983513,-13.16966897808015,2717.781494

14
-72.53927302546799,-13.17014599218965,2617.299316

15
-72.54258002154529,-13.16825897432864,2556.901855

16
-72.54306701011956,-13.1678859796375,2542.223145

17
-72.54335400648415,-13.16747099161148,2529.896729

HUAYNA PICCHU
-72.545859022066,-13.15663201734424,2617.942139